% Database for Notes and Frequencies (Hz)
% function databasefrequencies


A = [NaN
27.499999999999947
54.999999999999915
109.99999999999989
219.9999999999999

440.0
880.0000000000003
1760.000000000002

3520.0000000000055

7040.000000000014
];

As = [NaN
29.13523509488056
58.270470189761156
116.54094037952237
233.08188075904488

466.1637615180899
932.3275230361803
1864.6550460723618

3729.310092144725

7458.620184289454
];

B = [NaN
30.867706328507698
61.73541265701542
123.4708253140309
246.94165062806198

493.8833012561241
987.7666025122488
1975.5332050244986

3951.0664100489994

7902.132820098003
];

C = [NaN
32.703195662574764
65.40639132514957
130.8127826502992

261.6255653005985
523.2511306011974
1046.5022612023952

2093.0045224047913
4186.009044809585

8372.018089619174
];

Cs = [NaN
34.647828872108946
69.29565774421793
138.59131548843592

277.182630976872
554.3652619537443
1108.7305239074892

2217.4610478149793
4434.922095629961

8869.844191259926
];

D = [NaN
36.708095989675876
73.4161919793518
146.83238395870364

293.66476791740746
587.3295358348153
1174.659071669631

2349.3181433392633
4698.636286678529

9397.272573357064
];

Ds = [NaN
38.890872965260044
77.78174593052012
155.56349186104035

311.1269837220808
622.253967444162
1244.5079348883246

2489.0158697766506
4978.031739553304

9956.063479106611
];

E = [20.601722307054324
41.20344461410867
82.40688922821738
164.81377845643485

329.62755691286986
659.2551138257401
1318.5102276514808

2637.020455302963
5274.040910605929

10548.081821211863];

F = [21.826764464562697
43.65352892912541
87.30705785825087
174.61411571650183

349.2282314330038
698.456462866008
1396.912925732017

2793.8258514640347
5587.651702928073

11175.303405856152];

Fs = [23.1246514194771
46.24930283895422
92.4986056779085
184.9972113558171

369.99442271163434
739.988845423269
1479.977690846539

2959.9553816930793
5919.910763386162

11839.82152677233];

G = [24.49971474885928
48.99942949771858
97.99885899543722
195.99771799087452

391.99543598174927
783.990871963499
1567.9817439269987

3135.963487853999

6271.926975708001
12543.853951416007];

Gs = [25.956543598746517
51.913087197493056
103.82617439498618
207.65234878997245

415.3046975799451
830.6093951598907
1661.218790319782

3322.437580639566

6644.875161279136
13289.750322558277];

ndball = cat(2, A, As, B, C, Cs, D, Ds, E, F, Fs, G, Gs);


